22.052479698932103 16.164774091514403 0.8627390734938557
4.024933999237156 -6.179463916610608 23.689468141983305
38.75333551357156 -14.218190612222557 0.33905748178752937
-17.684093356993515 27.70770747560475 -2.331326828981542
40.057657259567065 -25.935449080804794 1.251589379181482
0.5141059126159888 37.91642058964683 -2.2990458770581634
22.76789074457804 5.213799274674479 25.4291622995971
-46.0866323285972 -40.616355780037395 0.2541605529328382
9.227848186588304 19.88139447181028 25.63925621884129
-24.659850880639766 -15.841804994626528 -0.4328084376459131
27.976205811411987 31.839691961498346 -2.187576276009772
-30.52603461325244 -29.19800724260211 -1.3817566050109154
-26.28294620841629 -48.27298672489856 -2.067980156672927
-33.16614748708474 -8.768855630806137 -1.3890523299836675
17.558650851887407 4.361215941970855 26.47451602371169
34.18932482556755 -30.196654742767727 -1.5121377313300197
-45.928322263820135 41.20823752780176 -0.09156784840846736
-48.41212969733619 10.01563706140027 2.056697184878068
43.515863891798574 -4.6895541492869555 -0.24367428304541922
-13.686037290517774 -42.03524354105812 4.071438378358092
23.174965795834865 33.644883162904364 -1.7332568129428363
-37.13466809277433 -41.35683173010646 2.026469304059461
-17.22463408546944 6.534513790897265 25.88988819528205
43.69522122465487 -10.584895512694601 1.50904285737683
-39.26887903748995 12.934783204118595 -2.996141847233834
37.12809087064673 18.043561636173806 2.6750608554925623
7.777772994797452 -44.151013105467015 -0.4315242665014117
-9.002220124593428 2.235998847570208 24.918431047114055
-38.4490622458939 -40.922234170200376 -1.61766010101244
22.527428125130157 36.88742113679177 1.6701190567605924
-12.89606002487946 -23.610582830393888 -2.010058578137177
-15.970739360572516 22.76961504162027 0.7925201994258378
-18.441706594883524 13.97149442351563 20.801377351880664
22.023493543772886 35.1380962322047 -0.5733462947168741
31.509892040009987 16.72109435686157 0.2386756654514691
47.89094446830873 -44.364555049467725 5.036572027635172
-18.040412339586553 45.43410334906156 -2.20906116793208
18.655291399055358 -13.17553368336376 26.853989036861233
34.77541509326288 -28.470404243183744 -0.18489194919564791
-15.660177171722381 5.6703434492482145 26.21972696656149
0.17831866869821766 -17.162403436798627 23.387565572384318
29.344255510184595 -40.58488127320712 1.947036659436463
-49.40836421189984 -29.0303422005712 0.36466395439915333
46.996324448634184 -46.74225629507174 -0.5642065475581585
39.7734464530578 -12.155885396972323 -3.1572830878627216
30.714799835017402 39.24292531262728 -1.6970500430420963
20.023733980926494 33.0530449967862 0.15944215505757592
20.618326534338152 5.998493657079507 28.042729470305165
-39.796293795927795 26.467928874044915 -0.10876725385853743
-36.140619786704505 -34.52256011914771 1.8902195454814403
42.15643410705769 -35.10799745872883 1.024821144419658
-45.85666308732621 -35.726816671231674 -0.46615927651758554
-24.75363159902596 -25.423937062141178 -1.1744246273978185
-20.504693033026456 44.02327441539565 -0.8632603066179171
17.898967193846502 35.32628457331268 0.8372524323415771
45.2086908618073 35.76230379858879 -0.7045914479246708
13.379441984838067 14.560923215753533 27.450171117202053
-27.697264417772306 -39.21849797688395 -3.202472581615732
-4.833644463231359 36.53575192613518 -6.711757527007649
-25.531188964495833 -47.59321341169128 1.2003441092647502
33.1864651256022 18.23673796416982 -0.14523753213595716
3.2841596636075963 -48.76398678721758 -0.5650160877690529
-23.799543837458515 41.400681673739285 -4.137439051060392
-7.424920420501621 28.31862527890786 0.1396859150523755
-3.508488388863661 -17.532752658204046 25.346924668861323
6.90427085244648 -4.666703366170708 24.26240977038133
40.09598401752265 17.74622883949297 -0.5845348893737453
29.089435551421914 20.810111509625088 -0.2967107447164331
-0.2717252810391244 18.869274131107417 24.476395839468125
-39.81540452557204 -46.60596985791462 -0.5879106203304886
25.215065323889704 -37.32007202059104 -2.310321931872996
-10.03195456457334 7.7264390049353935 23.521876696498556
36.2409496744212 14.654178342112644 0.5268356219965692
7.619692096259371 -13.06657970861793 26.860068839966228
45.527889526888615 21.280652805322802 0.23111812067341386
15.136494193731892 42.38474155921584 -0.8952287277918511
-42.95438093527174 -37.64674701969719 -0.6347382225886135
10.081222322260295 42.12601589651959 2.616215902047456
-31.777610562076575 -22.844166041482474 -0.019667453837275625
-26.70849185194686 43.19343105034497 0.3362595606668941
41.773504454708615 -3.5700679300753393 -0.223120783140783
-18.304891050822214 -29.326489752448094 4.482975097263044
-34.7901589932177 -48.551653028958384 3.3335396796084784
-48.17139748748558 18.739187588793243 -1.0369930160868375
-3.821898728071581 -21.765999165007354 26.22814269886402
16.135529026720164 43.173137298516124 0.7483510938739687
-11.886653435097962 -16.636562015152357 25.362331979191502
39.556491282022805 27.65140582828748 -0.04889418323826497
-2.2945773478843847 -8.354925326872895 27.988134110444033
20.369050842130108 -8.981149099500186 22.208832720877542
48.62515899927267 11.630977657477203 -0.16422599974698598
23.627502330978743 -15.718418130312727 -4.306694772415027
28.339996576075166 -4.477916343369735 1.320993630787424
-23.420843904711962 -40.51403173094096 0.21662497068979733
-13.165713040076533 0.03190550645526713 26.178685422641514
21.340113514808365 36.64207238979694 -3.9198860295841578
25.08307338153793 47.669543440968454 1.7696222642028268
35.26441846874239 5.56569010958966 -0.608293483410259
-13.67308704657556 24.458079892200757 0.32168762121233196
21.190014116741324 12.047422918439977 23.56008597224423
6.771734723238474 -40.80196183038238 -2.3153697702061464
36.123149709897746 -0.6785567408430282 1.2607254068431568
-12.593688853064059 34.8661318502413 -3.2317288359150296
11.212823888608817 20.969933227048273 21.565267979222227
-48.88501402351447 -39.172495557634456 0.17269581193505906
-0.6989230571919478 -20.723580034371135 24.02776241114858
39.03942212286776 28.357296218918606 1.9898865933483854
-44.52179104017312 -8.48501100001824 0.7943945351963881
28.947760900061837 41.14987036315463 -1.1273989151797361
-27.053846787554782 -36.474062929714336 -0.2835075502662039
-3.721955369232653 1.744164077835265 27.62573031338122
32.18479010701293 5.755429924542973 -0.08914808642324303
-11.767675941839975 -5.5180386901867 24.2383838085931
12.068343008604465 -21.91621561596049 -0.20386029314266124
-15.16308725581046 -22.154828823253116 0.6888858454582937
20.348910394925895 -6.012207521277922 24.480100727760792
-19.271500817360387 -18.03644911324437 -0.13950097602494993
27.677465537399456 -43.53904418669384 -0.8519969604798114
-27.201703948660573 -41.96372817698179 -2.053826596615491
-46.51449980823775 22.722503237132898 0.7220272417768728
-0.8911435041851803 -22.87718029487278 25.377220942056244
37.1791441024195 43.16083072943128 2.8025475384318077
8.580271347856737 -35.257995980639855 4.094694460362915
24.023942950446468 21.766743450362 0.04461827906363718
32.46683315973303 44.263590325502676 1.5225977659642875
27.068070391563737 15.88287232885196 -0.022954952371227657
2.8820932853484607 2.04039533745307 25.990678486068802
-48.678718028270474 -12.85431630006233 1.5639087792002937
-21.82695494671063 3.745693323593372 25.699560836587896
-15.323837307248503 30.36913777214035 -1.3090590339342627
-42.258945862629346 -8.633514418843802 -0.5780026629010482
-4.309006734331241 1.9512365324378464 26.089462966918163
29.078630969510797 -45.95369587517095 -0.7692762347904112
42.87702779684463 -6.113063822790764 -1.1948269724134384
11.073758272422793 2.9191015004327667 22.569090445398036
32.71067811591702 -38.08678342103953 -1.9956817769249517
21.92079833015886 15.790933738399389 3.653162784945908
-15.38604216196758 41.763793087460115 -2.836700452132926
-27.823923049486442 -6.630263586942064 -2.7978232175124584
26.145228209275814 -28.13099899231656 0.05408938319589653
-33.076303740588145 -31.867337187391755 -2.1506420574480747
13.9909228374013 -15.943366260432931 29.820375180110496
20.149847287731177 20.67689593214004 3.05385961882802
16.81935049328871 24.989135694019083 0.6866177108658108
18.296040390291694 -0.9186124768481108 25.509677151812383
-12.3156048125078 45.30108329017446 0.32070501933647927
-13.172251968466618 20.253327839084093 27.17948024903428
12.834788974863656 -22.86197284182424 3.9729181120702894
-21.783358142929465 26.284632755078462 4.018847513657264
-48.28965362680733 13.574903203851306 -1.8396989874037055
-25.1467967024506 -5.702021254726894 -2.485840069253439
49.1504621386253 -24.97068352073152 -2.8641544658930878
-23.0107537319988 9.156724626107739 27.751487005971555
-12.415537112835374 31.817351742135685 3.9353361866872554
21.678197242002398 -17.897245965512695 -0.32034944385292835
-27.147563445329048 19.84345119216762 -1.7713780524764309
43.94795923724885 10.163000023722212 0.8176354579047875
40.10810484726804 15.388590207343015 -2.530300040726407
20.593930437209593 -8.240472876401597 23.092093992091396
-7.49637817964576 11.810094984475143 23.647945753291655
-21.460386024344903 -0.5975523011782045 25.213298015230645
-33.369970205135516 -6.066502362708114 -2.5361109055899114
-29.125473919451473 -8.045588696702843 -0.3410141111444527
41.23535681703589 9.880689746217172 0.674014467500512
38.95317878001164 39.92389862660967 0.3361641574566898
42.83469768842056 -41.42206559736702 0.45532156494717535
-26.45741397942639 -36.49623366492273 1.373696481846435
-27.54848022011972 -1.528187785881677 3.366279205987569
-0.4858259247198191 -28.099210838836985 1.5391557082189775
-36.84306605245523 -49.53129405932607 -1.553076713139369
4.968751569082045 43.425960407518645 -1.060952150741753
5.222245161918096 40.17319121292773 4.220222284838123
-16.362828892698325 40.45428882923261 -1.2600931677318032
-36.835041993506636 5.407294931844888 1.5822633723965793
-49.55752846133634 11.337628348377734 -0.9082067440635718
-37.255137119737604 7.304245200807323 1.0068173520965868
-33.941409541751945 5.39353744888583 4.110398165755843
-18.80405451735825 -45.764751076621636 -3.843772682226418
-17.180331166323093 38.503460854572 -1.1864749888953383
-6.98660733770172 23.824979689116276 25.59783026903865
6.184603734162529 31.01997637578083 -3.1177838577099046
7.6426772459982715 15.204513841524602 26.486241602630354
5.670667109604466 25.42485018563923 -4.135723819440177
-3.9306377054436936 11.80833499211856 23.72126222695664
48.13753526000265 -46.50691400209721 1.1234989223150127
-12.452304308712137 -17.311210665247614 26.728600571110743
42.311634572386836 -19.61399861649952 -0.6874109677828141
15.69699707764002 -24.590468299078506 0.13648341145864737
-33.768361576918636 7.2913650797115395 0.8556071920786932
2.0652580531320126 -2.2568945501410056 26.60400828762589
-22.957454049981983 -36.721178599569406 -0.7256748222440255
-22.91008382370506 -31.71206842443084 1.6077183870584415
39.07476375241146 -17.472328255031947 1.0425498295061564
25.180015355029596 49.91962013266068 0.04906068905270564
-4.219332386445821 -22.772978003376476 25.703740787205813
16.758949128056074 46.37568435872976 2.6361969896136714
49.81676550493776 1.4235882674650924 0.31741608654373465
-38.14227115755175 -9.071984672008647 -1.4341373386617062
-45.326377023429146 -41.29757559902776 3.4856084128976224
16.66617486122857 40.48127637890401 2.8040331765165245
44.27832441872141 36.55234149647714 -2.113832411790309
-0.30232717261647934 7.216046846641277 22.87807931956626
-33.13851271859306 -38.63641536937883 -2.075335622030309
-14.873249915846543 22.415985974605675 1.1346803459803851
-4.456205705230019 43.1817994370097 0.8709524069623316
35.65413396908055 2.248941930250915 2.075211616955489
-26.70041333115779 -26.638970600674348 0.3062355315924455
9.878257510356924 -11.93776523763799 24.466653501599655
-32.10752345387057 -12.182460426207477 -2.3573940058972096
17.560349476431256 -33.61140960901257 0.9418530257350994
0.3707090650623357 2.1042940932107683 23.284069503382792
-32.79413932143468 -49.738404516812906 1.1907443176828214
36.651449377746886 23.552484854266865 0.8874728519735866
15.237300813830487 -19.335819990790746 22.21776875194544
-44.97493744264679 34.515269313741456 -0.9239020314324211
-34.12564636489951 37.49312676627068 -0.6116171575300643
12.40139253622624 -44.81368762399555 -0.9121846661905467
40.40966763560802 33.44132826230198 -2.926006597591416
11.500713102360947 -1.4608130899507188 22.243156561403175
43.500448670399976 41.06553774817583 0.8337407908400079
14.700403448163385 15.295221351131133 27.278575206782715
-12.624932021102573 -24.77550620335117 2.295117558853185
-3.3778342373790764 34.26260308464566 1.560493119176259
0.567015075468035 0.11048279880518663 26.742328597822727
-1.4247777776936843 23.536032664322775 24.2713128166108
-19.201759006524412 6.6732725173161995 24.92531259339576
40.42855141986537 -30.110279652341056 0.8693380142941
-28.121609453462415 -7.550490829510878 2.3212692179098027
-10.416774850538971 -38.2727264119183 0.5508231544924146
-5.397366000592804 38.01683252464075 -1.2070158118184862
42.15180540526757 -45.82106939399896 2.7506842453267204
-31.514592472728463 24.643117402080946 0.6162212713251969
-12.02259031754025 47.30304369315485 -2.08136128354871
-37.44731787115525 -45.34927169899818 -2.852813780270591
-27.34287667978944 37.83173247980797 -0.551397183776312
-35.25411545982948 -15.214178257869861 1.6279986721595758
14.620075803128543 45.16565516160685 -0.4690255448743084
-35.071762254352414 32.782024340882984 2.036615658565775
4.251824205604713 -17.3893611288662 28.534829743483666
13.67968388856795 8.610752582143256 26.795050358176212
44.82361927220124 -30.683857393025516 -2.369290444540616
21.14797152938266 -41.192528901963676 -3.120923076110819
-38.37376769181229 -4.072136422695117 -1.5677848032343584
-1.2212353408494607 16.170558485424507 27.9236119619159
12.206299667124107 -21.711329593323104 21.37137044777909
36.74261929674739 -28.973060424238117 0.9850825435787335
-21.376375810350943 33.76524504774588 1.3788886725909852
9.546597799918544 10.585917024505221 22.40263775454457
-22.40169391257012 3.7087078373188618 25.129551204161114
-29.04948864016168 -48.30713210805544 -1.0964746600234754
9.897374095882228 -31.987135020292033 -1.4371965789173793
3.235787727721295 26.264047229444742 1.4011717441014286
-44.1076454493444 -30.450440512150667 0.12891769695753233
20.291800870043048 -42.61292855411405 -0.5772194809133361
-3.5165147443506726 -0.49843194417961456 19.67111110630321
-29.458049113437724 37.01314540477871 1.0318231734714727
32.728102032317736 -12.858476964573384 -2.795677558182734
-14.275124555857623 -35.67028623072643 -0.33031947868306377
15.600548698265044 -11.977033799324403 25.927435215480966
12.179662493409737 44.610260502063525 2.1004653895243517
3.5347538396665072 3.454871288852466 23.671371102804212
-34.05158803942947 -23.512759382818583 3.0188769341558443
29.84686825869467 29.15288026681877 0.8749165413969797
-16.41943602890197 46.17076085676183 1.4173320534520526
18.343190100085337 16.988262802706643 0.9724625593656584
36.68091464006686 -30.699630157929214 1.3524600834613216
34.67646515639595 18.74541705018963 0.8961892446535662
-36.30608871359302 27.61161806573614 -4.384920453296448
-18.83501399653723 23.29869738389972 1.2392053324712486
-19.512092112448265 -11.893980986195508 23.54214794332287
-30.101517992311898 -26.8055344359591 2.0489166642568466
18.64322085459436 -38.297088798267154 1.3344305058312176
-2.8922435662916754 36.93713447951171 2.8556490295940025
36.483253490062296 -2.3530586531342905 -2.0440468554228692
-32.016364060281816 -31.168280055602825 -1.1951405971011846
30.12547574115689 -16.789172160858158 -0.7392662293966237
-29.14837902680668 -18.342027283734897 1.4243532452179093
41.1346351571224 -23.24053001683891 2.7005347534391833
-4.1815977246374985 -44.1818331931633 -1.2216523285090062
-2.3211580523088386 10.090526327001555 20.243110342002957
30.799222198176295 6.609805324698584 -0.4735764965767412
5.120229852150452 45.60723970777299 1.3695599859405672
-26.942393319963276 30.36864136481573 -0.6461818513773855
-20.508472277415425 18.968610967723663 -2.4683019180646655
-29.028894193546307 47.66469487008432 -0.7930188601993273
40.79437133420201 33.4034553691276 -1.5812449738263654
1.283991342612353 -11.038953961867513 22.36529773614608
-12.379473591154714 -12.049386921686356 19.918539290454778
26.485595391262052 13.260252910883843 -2.538240633400703
32.567440717775625 -34.86361722647877 1.128903035331251
28.72565602829505 -25.223206370227768 1.422376498288925
30.259920309874786 -37.49885081870803 -1.9016197872146412
30.128606121380386 -15.876219202618579 -3.825699796850362
33.029528273102514 3.8654168082955422 -1.226913142987793
-2.968444152997087 22.020781904750336 26.244570626675525
12.950134798394771 19.699389935905714 23.190240297515903
35.8204900414506 42.69038246059338 -0.13345609858504615
22.456892390711687 18.60576388961678 1.444635602787066
26.083040359681547 39.536787441803824 -3.8707029600836855
28.08100627663157 33.72688303141247 -4.216136178134455
34.58859391780537 43.52362117943679 1.9272814057793313
-13.200948129934801 -8.103730727996428 23.718267648496298
-32.07343945110583 -6.34975132548611 -1.4784479420549694
-22.657407060107627 -49.73182379398236 -1.384085119579762
8.98962369129962 -49.53969654321146 1.0256439709542058
-19.675841151200245 -31.592383492565368 -2.8390714852149235
33.97494372589502 1.0565631967663265 -2.081721031985161
-37.457714801111905 -9.645299371037197 -0.17620690278519954
11.902480374645563 -6.617616204604445 26.221427980542558
4.546227743727073 11.175169919332362 24.974505587845346
-23.592529246488425 -41.6156350418563 2.0100281424314814
-39.56202891404177 33.90650058504066 0.19858189618043337
49.498449670236795 10.708431105269135 0.44028973450272857
-3.0253621428377144 -15.49659974473635 27.388244829988444
-4.406209981379561 -47.79359128156702 0.28556561173255834
38.978942026400404 -11.914406137370058 -1.4968254888353294
7.193792778903372 10.273085034512974 22.321841010528647
-14.502578361806563 -17.457617975495644 28.94100235556764
45.34512124547423 22.561499891756256 -0.21326624794850008
-0.6839686811630727 30.29640838088082 -3.415740744559582
28.746754699349793 -0.33010987289999605 -1.607920670163697
-1.7193768786646686 -11.135626089875572 23.87385915157003
-15.094456202471441 29.47029188645925 0.2601008883855719
11.540378912441227 42.72261339747587 1.4677413148817537
12.294450146902193 14.935538889833552 24.07492169790228
47.86242198854072 -47.51554722952621 1.1475488596495216
14.006451675444424 7.540922366591339 20.662029408713966
3.734524797074201 16.460984818531955 23.860665972006828
34.41689036425822 -0.971547050606894 -1.2316715063524912
-20.437975225326454 27.952033183769046 1.280406654415753
-39.22425102465111 28.000462080903944 -0.7391193729192975
24.376743588893206 -20.146328771964416 0.2876071507254076
5.744234365659814 40.64786075325301 1.0850260107022303
-31.39022064427409 41.82335330010093 -3.6548833695401513
13.316785753292912 18.67941796711608 26.76111529149146
27.815729503069136 34.250394958473464 -2.1258522028269597
48.276100822954916 16.943794685038696 1.3248029286566931
-21.179894711113622 -21.030966164710783 0.513718150633488
38.807994687286126 -38.70069690495275 -2.566673910161166
45.03366053928069 -36.487607845368416 -3.8831157994687717
42.57243857542447 -29.790869613151074 -2.2695928113334323
-36.90053352463656 -44.158929891504194 -0.4208653785098671
-20.98885073235117 -1.4873264099169532 21.868589435000636
21.308777151730183 -47.11463995316998 3.941250223610698
-11.991314137454708 32.53237963621247 1.545971669314283
-28.294115121060248 -17.040364772329077 -2.6121074365355095
-14.492577906739527 6.926803852831178 21.841440876104507
-12.326500695319766 -36.24850335993956 1.6560100440952317
-36.007962669254745 1.6819647996964662 1.7021124450934888
28.84397094826123 35.235464387181835 3.7702489907787853
-10.19616106926047 16.592503780614237 26.03782974878095
-11.865252175513966 36.11240195396272 -1.5268925833375293
47.93006614112386 19.631588407024154 -0.4341498090444539
-43.04488223779464 -42.9963557583969 1.1441550934800504
35.86198226119389 -10.360392028956056 0.16658530885517883
18.157311249702303 -48.80050071393074 -1.6174010899758637
-16.85103514539287 -40.21762841495151 0.1963497029642455
-45.98872293707088 32.04404552276364 2.8877754732690857
-18.046323010838382 -40.962921008498384 0.2942951944698414
23.12840720286451 47.23464825809637 0.830241540647685
-45.237092762295525 -41.50062246246887 2.4164202287543963
5.82419315352616 21.676257088851116 27.32537325029713
44.079351122403125 24.76776312012396 0.11257880921663545
-0.16266360699164295 31.240206385164967 0.5050690971956705
-7.545198204113504 38.631400608906844 -3.3776335202780112
-39.64823648087565 -48.04873491367284 2.4951946424601545
-6.03361728278815 -25.008546574944702 -0.36342475845594907
-47.608058880380014 28.715379059792255 1.1942073243921016
14.427019795689986 10.680021622051697 26.07132990076644
-26.06416114001846 6.560750428965321 0.2090772694310442
-46.11788672218019 40.349784667950445 1.5208845170250078
-41.155405653536306 37.36179405740452 0.7328494147906834
-29.31888030821247 -34.190486352017246 -1.3652307152035263
4.1892877943300775 15.56239257188912 25.54665652383359
3.478487986045053 6.154159286804571 26.560999386418167
2.12962856208965 -37.14915144609816 -3.3932356055269435
-34.79303587949103 -21.435528257945215 0.5435939273427621
-44.50039344600164 27.81670772115548 -2.295135064206775
22.427184392976642 24.35077841393351 -2.200985984794261
32.63360946041114 34.68756602938025 0.6778164178802758
1.864967715418885 -20.1549516318421 28.644785704263214
-8.979788793393553 29.940567901483234 1.2042817353324382
-20.023376434019102 -19.688508309181042 -3.1615915942122568
25.75259785569027 11.087078241799155 2.360819008628442
14.18160387753646 35.54830773652917 0.6667880600244626
-2.4457322932629495 26.30376971309407 1.1075580887234713
-48.29752506653663 -1.028539611135436 -1.3877652363097623
-19.23323685105862 37.40592567056336 1.0054013512733395
-8.76138411962922 -43.519888456582834 3.763383632453078
-28.895768756144445 14.203107846021425 1.9099823464949113
38.886577207026306 -29.770935237554006 0.907896499220132
42.63992878312159 14.289871404820275 -0.6422206177475069
-6.488472010481615 -43.52940366939608 -0.36096377816891795
15.072242656034959 27.75165312079268 -2.4432915858931232
18.95379301639821 -7.22363788350188 27.438507246114344
22.79600713113335 -2.1463417962929725 25.398289083149894
-41.20005638524 -12.362901186830136 -0.3351425447091666
22.964475942006473 25.89349472309145 -1.1312746584690503
-32.53552363138669 14.939707764276449 2.093605018298468
18.671825613502108 48.526548572115686 -2.5631071330013633
16.026669840999176 36.69248186608655 1.8057157236378691
37.56199414040084 46.38949464803875 -0.19022547257792569
-13.696883677655393 -44.486675918249794 -0.00891438634185981
-20.19750815607104 -46.31858803854426 -1.2760266713215334
-22.91291793931044 45.62814168839148 -0.2725711437287816
7.24299311825731 12.620020762027416 26.209525603312006
-18.716131177348938 44.92500337231667 -1.0244661179890273
-24.363130215568095 -29.043883009560012 -1.5586986823107876
-1.5450735120770318 10.02432855924755 29.784838283647815
43.99564684778959 -37.78569995631072 4.773979496957825
15.398213694660356 -8.831933267690005 24.818097252562815
25.231437332647204 -24.349831036707638 1.3765028219410271
20.796079194014 1.3383438965345746 26.12266479563406
29.9842830216282 44.08493101274608 -1.5004291496233975
3.1307258208098077 -21.751191023768733 27.875942056646497
39.30840832605618 36.81514384604711 -0.7562207978439422
26.559934518916577 10.430208882742122 -1.8371889651429656
13.196262915559878 2.1162798652918795 23.263471611414953
49.38385118999372 22.51255761448762 2.570259889309072
19.8301833643158 -17.31974021654873 -0.4834953954809299
48.198510686049616 -6.368718684720399 1.698162456501065
-46.33931490842824 -31.44469098410616 -1.838536035043481
-21.015842307764043 -3.7298201621336915 27.587327363858385
-44.17173973069095 -13.097018129010706 3.9685820464280672
-15.219631798937797 -42.00760453274523 -2.4109845037052873
-21.447875777516867 16.314476736247556 3.3743588557804105
11.83333058248811 49.30548140141423 2.608811239538562
29.469588593131363 -7.185297622828976 1.457057697024642
16.87623120591107 -36.19622172480914 0.6823206943333976
42.79850281491859 2.356552089674423 -0.3302571480996968
-5.746595484934758 38.79386980228496 -1.5044697799544087
-4.684580965656835 8.640348789514498 25.12147770118519
-10.58962309268918 0.5592543210679892 23.677443540551224
28.225688396954652 30.762553723822066 0.2507893243426014
-33.196473277458836 -37.46062796872436 3.0276254775108624
41.818601020441676 -7.72725224318215 -1.1114702932055098
6.155890257741206 -24.28174099594059 -1.5768347495793111
5.7778045130107785 -9.175924223965545 25.561085348008717
-43.132272818390845 14.042039805635468 -3.114313653162615
-28.749207383316723 46.3763044280316 2.9258009850842606
6.376486123431171 16.55546959299585 24.793499890757335
40.594563455969976 35.55828863508951 -2.3286516563410213
-30.153595593108882 23.104164713300122 2.8680582908360903
-10.234791779471628 -38.46449333916805 -1.907893399357635
-46.46674792211864 -16.682145615095067 -4.580036830383651
-22.00583528237369 42.150495598599875 0.2887330319811251
34.32165114069309 20.4429239864878 -0.12888220238763523
-30.377532909480653 28.267170829546302 -0.6551011277883749
-16.866180757494455 -49.24421292508949 0.7897741177088524
-8.72150349638624 49.493890636058566 1.1698800396819842
42.06375202769013 -46.92258353134322 -2.2820292259861343
-8.910829836404666 46.419320582775 0.7481068174115176
-9.167336446094552 23.697019376094147 -3.163601851950982
9.940090833933283 8.937808192069632 24.96682213015772
-3.731421525658817 30.552232623046223 -1.328612323053319
-11.257315181864783 -29.54920679672073 1.1485907540958762
-4.833541111675721 -41.53899581735473 1.5317683482602322
-4.679189752057312 19.128823039479954 23.960833059041978
5.368670124736454 -10.393616507313844 22.763222834401468
32.678141185239866 -14.627488061625847 -4.170215981780672
35.90069494763088 -38.130885195879536 0.3945342758874798
-3.35216216801836 -20.666427411080456 23.49049971935433
-42.73076609418385 34.00161826348858 2.236777762034993
-10.707157382952474 -27.302606920993387 4.13876775269882
20.973868053894705 1.317969868395707 24.54569818662839
-16.25335998251083 25.415775417350545 -1.070924926255454
45.1486658616582 27.234778856580874 -2.568491543520924
-2.063677555625574 -31.90250832886653 -0.7861178664531238
23.801317267591983 -26.68553510221058 -2.0820752503646434
6.2574211537600775 -2.2417278342574676 25.28107410221302
-43.58702931797207 43.014820538743336 0.021141851960183995
37.46739857050599 46.90221158279407 -3.455291004195001
40.23564257427094 -3.7697901980894173 1.2784649239763803
-21.600348097526588 28.457668685705727 -0.9194705577910718
21.21549275422069 20.696494434111116 0.2699586380132492
-35.07094465726267 48.009207374709774 0.5675124518124535
44.01321105248783 -19.655994045398717 -0.9217467482567772
-1.203494716004606 27.545093334340464 -2.0158584942379574
-25.71293081232855 22.74179129251027 0.9864103593450807
4.857029819926794 -21.849633808675883 25.346774978286053
-36.99355889330565 19.83319386678373 -0.9134721344927303
-35.77360819928654 -48.72124273946774 -1.96231690555804
-45.04770283199665 7.342842442273238 -0.8823154683095837
-17.308736165768742 -25.310792544966944 -0.32561017857808594
-5.7202127164504475 -48.51281946676789 -1.2373148378688772
-47.49653928795691 -6.349162030820779 5.140635096527019
47.495430979174145 -0.30177138501837675 -2.054278712656872
-17.384096353116107 -43.08313439653024 1.2504115525667594
20.034060935153136 27.153043993622603 1.0054315045934832
11.587900633141487 12.285252313725039 26.165848343300752
14.778717342603159 3.5768171466356264 22.87950738701314
16.486838732751025 0.14587391282604756 24.750324032755273
-41.558743977535215 -47.2251838200502 0.6678087020333637
14.946759994839624 26.6149546643002 1.3076736568069485
-44.06804099500599 -23.911766359795227 2.41701824616447
35.92689245158476 -33.60775801844197 -0.6277115830207984
41.2498534836747 -25.119041155638023 -2.0021733809736917
30.378587400402267 -38.06492410506939 -0.7135597377704312
-33.52102578096752 17.268781762774537 1.6460283222416519
29.44297829641154 -10.09758249006174 0.15828073909085993