0.012499 0.008367
0.193371 0.137117
0.243733 0.175466
0.315662 0.232069
0.404750 0.305075
0.524729 0.408237
0.682531 0.551755
0.754946 0.620329
0.891333 0.753558
0.912503 0.774669
1.042284 0.906260
1.185406 1.054863
1.214487 1.085386
1.310060 1.186213
1.494323 1.381353
1.515454 1.403667
1.698346 1.594715
1.787689 1.685878
1.890394 1.788040
1.953939 1.849501
2.064853 1.952875
2.185305 2.058405
2.215711 2.083769
2.362127 2.197604
2.420626 2.238828
2.579148 2.336441
2.668869 2.381518
2.716934 2.402340
2.886274 2.455439
2.941726 2.465439
3.089111 2.472568
3.102268 2.471761
3.292736 2.431496
3.309702 2.425202
3.400317 2.383668
3.504167 2.319072
3.676604 2.169412
3.797969 2.030608
3.818195 2.004687
3.992164 1.747771
4.064439 1.622732
4.168487 1.423381
4.264555 1.218743
4.324114 1.081851
4.417125 0.852618
4.519017 0.579820
4.634244 0.244055
4.749479 -0.120414
4.812803 -0.332739
4.981165 -0.937714
5.090223 -1.359854
5.179319 -1.721501
5.298586 -2.227869
5.395067 -2.654867
5.474912 -3.019031
5.515957 -3.209760
5.624393 -3.724131
5.749184 -4.332440
5.873185 -4.950490
5.963791 -5.408177
6.085157 -6.025734
6.177850 -6.498147
6.261300 -6.921918
6.317340 -7.204765
6.407373 -7.654671
6.568155 -8.437365
6.681498 -8.966481
6.788559 -9.443490
6.889234 -9.867497
6.971944 -10.195072
7.044848 -10.466266
7.118539 -10.721935
7.274999 -11.195383
7.392753 -11.481242
7.445124 -11.586773
7.516511 -11.707602
7.689218 -11.880704
7.776793 -11.898369
7.864515 -11.864808
7.934511 -11.799263
8.009956 -11.688260
8.144369 -11.381278
8.281323 -10.916013
8.356922 -10.589742
8.471928 -9.994459
8.522006 -9.696861
8.665299 -8.712401
8.733448 -8.173432
8.843418 -7.205134
8.993448 -5.683972
9.071935 -4.794849
9.103778 -4.415713
9.229885 -2.809598
9.358279 -1.003074
9.464801 0.625660
9.560149 2.181810
9.631945 3.413617
9.755537 5.651375
9.890780 8.262757
9.996568 10.416642
