0.012499 -0.542091
0.193371 1.426782
0.243733 0.493395
0.315662 -3.018698
0.404750 -1.646653
0.524729 0.235973
0.682531 0.743058
0.754946 -0.731174
0.891333 0.808511
0.912503 5.596848
1.042284 3.682442
1.185406 -0.694025
1.214487 -1.496515
1.310060 3.796037
1.494323 0.675236
1.515454 5.231448
1.698346 -1.346455
1.787689 -1.285605
1.890394 0.580857
1.953939 -2.369526
2.064853 4.735054
2.185305 2.340840
2.215711 0.212987
2.362127 -3.286663
2.420626 2.033568
2.579148 0.362598
2.668869 1.422137
2.716934 0.301205
2.886274 3.091342
2.941726 1.719571
3.089111 3.239762
3.102268 2.157247
3.292736 -1.547209
3.309702 4.106392
3.400317 -0.808430
3.504167 2.553638
3.676604 -2.937835
3.797969 0.196420
3.818195 -1.818212
3.992164 0.853976
4.064439 4.941571
4.168487 5.228379
4.264555 0.001287
4.324114 1.332837
4.417125 2.945104
4.519017 1.440497
4.634244 -4.020973
4.749479 -1.160951
4.812803 2.306848
4.981165 -4.688335
5.090223 -4.091085
5.179319 -3.950121
5.298586 -2.253507
5.395067 2.802925
5.474912 -5.394060
5.515957 -5.917966
5.624393 -1.022417
5.749184 -11.007107
5.873185 -4.069842
5.963791 -13.095776
6.085157 -6.239094
6.177850 -8.966767
6.261300 -8.860864
6.317340 -8.323885
6.407373 -6.872428
6.568155 -8.856604
6.681498 -9.349108
6.788559 -9.644971
6.889234 -7.196132
6.971944 -5.122400
7.044848 -13.899688
7.118539 -14.000342
7.274999 -13.478140
7.392753 -10.475271
7.445124 -16.457174
7.516511 -12.269735
7.689218 -10.088235
7.776793 -11.963772
7.864515 -11.037708
7.934511 -11.912228
8.009956 -11.684588
8.144369 -13.090536
8.281323 -11.498571
8.356922 -12.954640
8.471928 -9.338243
8.522006 -8.803405
8.665299 -4.634048
8.733448 -8.180767
8.843418 -7.455576
8.993448 -6.737848
9.071935 -5.449537
9.103778 -8.058590
9.229885 -4.869242
9.358279 -5.430486
9.464801 -7.153609
9.560149 0.509635
9.631945 2.346552
9.755537 5.997731
9.890780 8.522832
9.996568 10.731369
