COLUMNA -> exec
0
1
2
3
4
5
6
7
8
9
10
11
12
13
14
15
16
17
18
19
20
21
22
23
24
25
26
27
28
29
30
31
32
33
34
35
36
37
38
39
40
41
42
43
44
45
46
47
48
49
50
51
52
53
54
55
56
57
58
59
60
61
62
63
64
65
66
67
68
69
70
71
72
73
74
75
76
77
78
79
80
81
82
83
84
85
86
87
88
89
90
91
92
93
94
95
96
97
98
99
100
101
102
103
104
105
106
107
108
109
110
111
112
113
114
115
116
117
118
119
120
121
122
123
124
125
126
127
128
129
130
131
132
133
134
135
136
137
138
139
140
141
142
143
144
145
146
147
148
149
150
151
152
153
154
155
156
157
158
159
160
161
162
163
164
165
166
167
168
169
170
171
172
173
174
175
176
177
178
179
180
181
182
183
184
185
186
187
188
189
190
191
192
193
194
195
196
197
198
199
200
201
202
203
204
205
206
207
208
209
210
211
212
213
214
215
216
217
218
219
220
221
222
223
224
225
226
227
228
229
230
231
232
233
234
235
236
237
238
239
240
241
242
243
244
245
246
247
248
249
250
251
252
253
254
255
256
257
258
259
260
261
262
263
264
265
266
267
268
269
270
271
272
273
274
275
276
277
278
279
280
281
282
283
284
285
286
287
288
289
290
291
292
293
294
295
296
297
298
299
300
301
302
303
304
305
306
307
308
309
310
311
312
313
314
315
316
317
318
319
320
321
322
323
324
325
326
327
328
329
330
331
332
333
334
335
336
337
338
339
340
341
342
343
344
345
346
347
348
349
350
351
352
353
354
355
356
357
358
359
360
361
362
363
364
365
366
367
368
369
370
371
372
373
374
375
376
377
378
379
380
381
382
383
384
385
386
387
388
389
390
391
392
393
394
395
396
397
398
399
400
401
402
403
404
405
406
407
408
409
410
411
412
413
414
415
416
417
418
419
420
421
422
423
424
425
426
427
428
429
430
431
432
433
434
435
436
437
438
439
440
441
442
443
444
445
446
447
448
449
450
451
452
453
454
455
456
457
458
459
460
461
462
463
464
465
466
467
468
469
470
471
472
473
474
475
476
477
478
479
COLUMNA -> SLICER
0.396977872756029
0.4177838213419408
0.4494695504573999
0.3854308825017253
0.4511737107203231
0.4450857849193454
0.3275276115687777
0.4221256657174887
0.3641304204295736
0.3860790559843095
0.403141893744854
0.4126379437566171
0.4294812552205312
0.4304221662809788
0.3625340847212659
0.4460693168517021
0.3690863881519611
0.3849497524681592
0.3891659078430838
0.3962360271350327
0.3785999952072705
0.4318830372344283
0.3681918412649672
0.4530174110128397
0.4088304843141772
0.382396959537758
0.4235780156711001
0.4039171704836096
0.4031129229595183
0.452448382875505
0.366414992149912
0.4139760773282759
0.3627253831147998
0.4086547407888821
0.417641115816264
0.3587995275415991
0.3849229520108965
0.4147720387323199
0.4064394926604039
0.3697003416383041
0.3747371780330943
0.3981831506769721
0.3981769419606163
0.3576639316676969
0.372814884957331
0.3970090428620831
0.3725228820927069
0.3928214526011364
0.4256815896762365
0.4181445944942978
0.4119830382714656
0.3853523553927439
0.3828774057875421
0.40256645013536
0.3715550944453213
0.402673444090586
0.4023591955791289
0.3745487784497767
0.418724042316637
0.3543019746904045
0.3820881356170857
0.3906806431516719
0.2901341733705562
0.4075371561813501
0.3698173781300088
0.3555892697055644
0.3806921614952501
0.3705039922521452
0.3923171307020783
0.3822961792066822
0.3151233222453075
0.3773261263931718
0.3547742201421557
0.3716410897328894
0.3903492292725102
0.3685267272394054
0.3801898302202672
0.3825696430585544
0.3461367861048073
0.3963558421477126
0.5955798561232737
0.5777569828964966
0.6160655511408566
0.614026317172929
0.6222516858919048
0.6520887911153854
0.3911082307964171
0.6070412814744127
0.5997930513793438
0.5828351131919657
0.6519727464312827
0.6091610313258777
0.632190844408117
0.6406017042334967
0.5005600806016713
0.6252932460843732
0.6049634711107845
0.6159769931629768
0.6466231922206616
0.6095715815104834
0.6315512048923065
0.621494358473361
0.5563494287097555
0.6182916857747978
0.6281689200025484
0.550509314071478
0.5978693248065057
0.5816750845498407
0.5778169473979962
0.6381428079441976
0.6170427397088389
0.6261103970897629
0.5360744906014713
0.5661023857418113
0.6022470928046829
0.5805472580134794
0.6022283390547102
0.5863588165971813
0.2691348398048208
0.5119825690013281
0.5412235329161971
0.5739387715175356
0.5881817935648173
0.5599224916801662
0.6118143350644332
0.6111300875688197
0.2574378281738909
0.5437267317409289
0.543854350807149
0.5769698651803512
0.5810197241079769
0.5456804932569134
0.6066173668081667
0.6207282450085895
0.2738929656168924
0.5443634023057371
0.5674426305950797
0.5899672868902344
0.5780668173980482
0.6133283003383181
0.5689291111128776
0.6489197421408295
0.4003666817818039
0.6005092430894903
0.5769236528183683
0.5747018021659315
0.6037169485781404
0.5855488144600595
0.5663483746386746
0.6277344379850692
0.3954007672784974
0.5923021504554621
0.5953389243895811
0.6177815062939068
0.6097483536780041
0.605353758909194
0.5810871337003279
0.6193768159266672
0.4129119955200512
0.5812595578807424
0.5427980334030227
0.6012291178422281
0.6249577201984847
0.5811934945061719
0.6123276324512406
0.5699206522334863
0.5012017185352702
0.6134716342461235
0.5496197601533348
0.6034348744047794
0.6286282782739806
0.5824514743827225
0.6114311910627649
0.5641607216923343
0.5531087859408397
0.583406548522154
0.6311205955337537
0.5961306830750331
0.6545894396925408
0.5700214656073495
0.6116941566129627
0.6051926326034653
0.6123838446853315
0.6170725570583173
0.63158371395634
0.6024381791604327
0.6039851337267594
0.5765915138288062
0.6141500802869836
0.6226736469614382
0.5737258879697181
0.6032069400040215
0.6065316873848826
0.5466539041004951
0.5927181157375758
0.5913553213998852
0.5727024960480158
0.5737295132955497
0.4983737262900934
0.58833322075561
0.6129025298077962
0.5418905505369082
0.595365172019864
0.5467318344370742
0.6102928314704916
0.5783045341493063
0.518446172878894
0.5811341847788631
0.6172618288544547
0.5716389879608831
0.6018313852955023
0.5272651548942493
0.6131719352601376
0.594328676082567
0.5033367840270866
0.5865800048793006
0.5886157096898292
0.5933927241943968
0.6192496094865376
0.5661984001430952
0.6289402700816211
0.6024255740509086
0.5179102054886141
0.5902833305172744
0.5512562372933824
0.5875538823157359
0.6432556288145725
0.5636660482601792
0.6305548965175035
0.5876211087749355
0.5043040733099511
0.6289410831530168
0.5481984675769838
0.6307277066147755
0.62432668521871
0.5975371730632947
0.6323383553013222
0.569603666954649
0.5173796254301577
0.620089361102211
0.6128804713518335
0.5846265172735762
0.656195427379638
0.5435195076681145
0.6445763305322129
0.6587082641300908
0.5562260546471072
0.6123926647678162
0.653068109650927
0.6085924369747899
0.6253325269501739
0.549643854167848
0.657515172735761
0.6781690011914471
0.6094934258208251
0.5710748311715804
0.6432221016857239
0.5835606246253711
0.6632886613730268
0.5431012700749543
0.6213971580535048
0.6105387764446857
0.6109396891714498
0.6065356259667405
0.6077659389114498
0.5742675332923011
0.6337895764366352
0.6309791154837595
0.655300766484977
0.6429959419665302
0.5885031686579674
0.6237009447380963
0.6122201663145935
0.5694404563444811
0.6026278838120944
0.6117133047551004
0.6129934470414347
0.6363214760815379
0.5635175960949955
0.6146354174721047
0.5962127793087545
0.575605600539811
0.6298997639787113
0.5996980762615438
0.623405695611578
0.5919273088023088
0.5162107141934508
0.6171613182139497
0.6233670689475643
0.5512728585484004
0.6634681842924877
0.5716986376196903
0.6375352262116968
0.5923153781203316
0.4948418155781192
0.5889211442152618
0.6289001680294249
0.5670192650785598
0.6126888634241575
0.4907590888792935
0.6417579127099251
0.6275617468187128
0.4903053343136127
0.5821095373494753
0.6478283889313301
0.5794919760322237
0.6267496375313713
0.5744660860295536
0.6390739764191776
0.6402273524026115
0.5032448060195739
0.5946927221385425
0.6075738335451957
0.5531847258647635
0.6254531027818147
0.5349507681860624
0.6495657889582038
0.6253985288353979
0.5092473024051971
0.600700950666121
0.716770503748058
0.6332741072137357
0.6796307949016926
0.6487076812076811
0.6949854651712237
0.6874346796134723
0.6606785807034832
0.6636220229718682
0.6599529366402432
0.6138074575922873
0.6884221317038655
0.6299304874691871
0.684235957540911
0.6586914495892825
0.6877572607990565
0.676950086377331
0.735590307095725
0.6525732222713646
0.7161279200675486
0.6589655511327338
0.7421539141972578
0.7233434522134212
0.719885233445605
0.7229030128797931
0.7228969259155018
0.6782874040304382
0.7290945277632583
0.6658056906973315
0.6920272366092799
0.6942395298200251
0.6669088440798967
0.7338357926902819
0.7045809308585255
0.5925169837902036
0.7062753036437247
0.6079386106669389
0.6967541402525923
0.6812242616344782
0.645411461603412
0.6569510468891274
0.7217306915725277
0.6119751584844464
0.703167025183279
0.5854076367389062
0.7216036603575304
0.6660783321425736
0.656657336471578
0.6636255763500346
0.705659454065027
0.579664182174446
0.7232052983136574
0.6573655008562129
0.7241656838173867
0.6989508132495075
0.6568661060301928
0.6484100184376131
0.6771632701663661
0.6323634973557575
0.6655917981227579
0.6774170626415208
0.6156116299421253
0.6204171580913067
0.6407742206194218
0.694394951453775
0.6552150171809614
0.5801186790505677
0.6866509032762904
0.5937931839402427
0.6333524988942945
0.682396574014221
0.6492592087994564
0.6955838124723573
0.6594549374773833
0.641777103185772
0.701126160990712
0.6174300905492857
0.6729655870445344
0.6893212716935627
0.6712209445181582
0.6995265974135942
0.383452380952381
0.4605952380952381
0.3913095238095238
0.3860714285714285
0.3047619047619048
0.4701190476190476
0.4404761904761905
0.5425000000000001
0.4305952380952381
0.4657142857142857
0.4158333333333333
0.3459523809523809
0.3580952380952381
0.3848809523809524
0.3752380952380952
0.4236904761904762
0.4842857142857142
0.370952380952381
0.4503571428571429
0.4011904761904762
0.4352380952380953
0.4008333333333332
0.4469047619047619
0.4444047619047619
0.3663095238095238
0.4847619047619047
0.3510714285714286
0.4038095238095238
0.3716666666666667
0.3910714285714286
0.3495238095238095
0.3438095238095238
0.45
0.4697619047619047
0.2783333333333333
0.3545238095238095
0.3526190476190476
0.5066666666666666
0.3054761904761904
0.4285714285714285
0.4504761904761905
0.37
0.2695238095238095
0.2811904761904761
0.3352380952380953
0.4161904761904762
0.3728571428571428
0.4011904761904762
0.513095238095238
0.39
0.3030952380952381
0.3404761904761905
0.2847619047619047
0.4857142857142857
0.3757142857142857
0.3880952380952381
0.4733333333333333
0.4769047619047619
0.4878571428571428
0.3580952380952381
0.3559523809523809
0.4335714285714285
0.4285714285714285
0.3942857142857143
0.4392857142857143
0.4201190476190476
0.345
0.3769047619047619
0.3760714285714286
0.4092857142857142
0.4247619047619048
0.3203571428571428
0.3828571428571428
0.3958333333333333
0.3469047619047619
0.3866666666666666
0.4244047619047619
0.3776190476190476
0.4333333333333333
0.3336904761904762
COLUMNA -> MAZDA
0.3562066691745741
0.3844018571995587
0.3995642537491873
0.347649331555162
0.4000593005149272
0.3882067747129172
0.2827500358019868
0.388307508276606
0.3600714401309945
0.3388411062803005
0.3936876763462436
0.3444594536467987
0.4000215128446406
0.4091707818361551
0.3376088693875299
0.3831276090568666
0.3887863826175582
0.381321997378487
0.3904496621304254
0.3699651094341394
0.4146787829237229
0.4334949598876864
0.3413953090806726
0.3874058325776431
0.3348628496405055
0.3547617810086027
0.3642818574491033
0.338937874231029
0.3771704230824811
0.3765865011365973
0.3243380277192965
0.3480632328447637
0.3659094169982452
0.3888189675037474
0.4158629684290755
0.3299691797826852
0.4053831294647652
0.3561849983907746
0.3628369987722225
0.3243914822532729
0.3627089102824571
0.3596820962483243
0.3866685112213723
0.3467141616860124
0.3933394339630968
0.3639941642217745
0.3530509051814168
0.3364181410495587
0.3788619492095731
0.3616368357124773
0.4235372591084743
0.3327784708705179
0.4081208888784351
0.3822031943474952
0.3388116751712675
0.353852145308254
0.3707297156701541
0.3711523518016028
0.4152415762875611
0.3694497336453487
0.3827206599797673
0.38844558095762
0.2681294209423949
0.3821256084288055
0.3197812733857084
0.3921969099781642
0.3695213404701817
0.3797189899873832
0.4280535415781268
0.3988235953208247
0.288896259407598
0.3835219240827069
0.3435983768243072
0.3486488224431878
0.3991052113296304
0.372070475183227
0.4083697598435982
0.4014907950607708
0.2924686009928261
0.3743769351083164
0.5817141387363627
0.5530562913572081
0.5829813989694514
0.5628066781938756
0.5713711449951026
0.595827482444262
0.3286574102346034
0.5519895047944174
0.57392245840671
0.5172273797122953
0.5840819246300978
0.5490507581921545
0.5894873152579345
0.6002684371583736
0.3782157641326981
0.5362454364639074
0.5255599239955716
0.5733418180524827
0.5799192949616045
0.5444519834199947
0.5725273802082469
0.5906359444577222
0.4339248669630713
0.5829118705046812
0.0
0.0
0.0
0.0
0.0
0.0
0.0
0.0
0.5402439024390244
0.5477351916376307
0.5736353077816493
0.543321718931475
0.5907084785133566
0.5550522648083624
0.3493031358885017
0.523809523809524
0.5546457607433217
0.5524970963995355
0.5785714285714285
0.5333333333333334
0.5743321718931474
0.5668408826945412
0.3660278745644599
0.5023809523809524
0.5449477351916376
0.5840301974448315
0.5835075493612079
0.5454703832752614
0.5766550522648083
0.5837979094076654
0.363704994192799
0.5238675958188154
0.5978513356562136
0.5358304297328689
0.5834494773519164
0.5408246225319396
0.57862950058072
0.6006387921022067
0.3922764227642276
0.587979094076655
0.6192218350754937
0.5285714285714287
0.5976190476190476
0.5455865272938444
0.6169570267131242
0.581068524970964
0.373170731707317
0.6023228803716609
0.583507549361208
0.5597560975609757
0.5881533101045295
0.5480255516840883
0.6170150987224158
0.6074912891986063
0.3876306620209059
0.5927990708478514
0.5873871975388255
0.5935663626644047
0.6118337409561012
0.6174194339968344
0.6153348925143469
0.5587082402052169
0.5670846133761508
0.6362215038874591
0.6030115571508745
0.605481340994637
0.5836659793977075
0.6070973613269934
0.6264034444311677
0.5599699293737133
0.6092649674071723
0.655006595306308
0.6337943352459597
0.5639329357324423
0.6041968601949022
0.5636865390083416
0.5808615882764605
0.6019514489302416
0.6179062023786737
0.6392201217330429
0.614717765837338
0.6242074964310398
0.6394789272310699
0.6309179855294755
0.6536152452795362
0.6163432584514201
0.593754881313487
0.6156760031977548
0.6185918006873131
0.5332497415226933
0.6013342277830378
0.5989606309729006
0.5850708551631781
0.5853014830224612
0.587416000002167
0.6226959363699524
0.5946024556978324
0.5762786774744318
0.633169816679171
0.6126916560233362
0.6052838310055407
0.557143271470429
0.5878706167024768
0.6177094065711668
0.587399023827078
0.5663453942720341
0.5993091167074573
0.6143489341635777
0.6001280303089616
0.5668023110638949
0.5866874916703855
0.6077968202622349
0.6089694613604564
0.599703768351733
0.6157597924918068
0.6409432128197136
0.6088094327050274
0.5872873952352352
0.5847488300309631
0.6339424891399289
0.6040661504951863
0.5790228655107288
0.5963510056086403
0.6581034375582329
0.6459979718346678
0.5856884177575543
0.5836775078400964
0.63295276959461
0.5909935881721406
0.5871542296511875
0.6208827357849027
0.6135091654533681
0.6106110761655359
0.5461765129129691
0.5992460285034938
0.6422706614672349
0.7021515326778485
0.5065360138657352
0.6230362387870129
0.5598915841640301
0.6515382063756677
0.6157181698590367
0.4760716716858021
0.6015258679229267
0.6436841082893714
0.5714916653693745
0.6720615804903731
0.5705963438006783
0.5970112893642305
0.6121534274978548
0.5947965106788636
0.6542076224429165
0.6678165152700757
0.5445126626899073
0.650874357840302
0.6281474622728493
0.6414353379678458
0.6703543833187796
0.5574201274712783
0.6924908751379341
0.6166267684843536
0.5788176580901039
0.5679548676297902
0.5854842302520321
0.5873966307170642
0.6357611789655133
0.5958726477341029
0.5328302364989671
0.660322289509596
0.4954322835746985
0.6222429943637374
0.501078369944469
0.6032583060214638
0.6252417714724217
0.6232248161195529
0.6141718996517758
0.6883861211028394
0.589598950241365
0.5827397207195969
0.4813884636175657
0.5590868763159784
0.5762442304857165
0.6029286502970714
0.6148364569726799
0.690791051913343
0.5552027504659083
0.6104423436041083
0.5114201768303935
0.5961853823850729
0.5943737549000707
0.6335735686741878
0.6073224513704389
0.637729107837467
0.5617810646525817
0.6124819616228285
0.5446159069688481
0.6089186061093452
0.5920533989574237
0.5741771798892541
0.5754223339440058
0.6346973202236359
0.5556799993951697
0.641402015597062
0.5591935910666561
0.6575491944416092
0.6559000721500722
0.5292587641117052
0.6031377231299833
0.6492546600286538
0.5230532212885154
0.6202642305235184
0.5163715567198539
0.5967874084979349
0.6401305746197388
0.5382738602687451
0.6100588249040262
0.5599968999457491
0.5949810423494635
0.6562738293698046
0.4653322692099781
0.6380642560054325
0.5724525488719863
0.3623814105757839
0.5948634879052836
0.5676566983068531
0.5789409799007322
0.6174278172807586
0.4737904128969548
0.6217691836886884
0.5600036856848003
0.5027780509823854
0.5631231822872691
0.5479946756030347
0.5586324691820048
0.6146666298098187
0.4709805150130227
0.5607652710206891
0.4703449186692222
0.4179260314923257
0.5768634822349992
0.607984361699532
0.5582410069290874
0.5950415745245466
0.5795298200251761
0.5688706352986539
0.5705863431448975
0.6069863239204671
0.5948674571042992
0.6451470162963971
0.4725699274925281
0.6182539944575549
0.5859602523379613
0.6138165936230953
0.6116181565252772
0.6157764131293544
0.6487478358414891
0.6300343997248022
0.5594025504938818
0.6359638065752617
0.6302545579635364
0.5471804176215941
0.6162933067964028
0.6390467212526036
0.6692084991891494
0.6268490552275383
0.579734262125903
0.6808036210435591
0.594735244975183
0.5811015339150014
0.5970545235638115
0.6415802090066797
0.6383384932920537
0.5874754001177476
0.5260108406871093
0.5669240077947508
0.528563943796142
0.5825678402265089
0.6012271113819102
0.4601923186219861
0.6447603926860893
0.5485589914490171
0.5204230265367362
0.6167011419952596
0.5545498619028031
0.6006431425471673
0.5697841130766155
0.410310154510989
0.6018875713060664
0.5604690361686593
0.5275685253858629
0.5870091518388731
0.4682878095416795
0.5834181998771781
0.5327644806622462
0.4082464608797224
0.6057560086971852
0.3669047619047619
0.5476190476190477
0.4276190476190476
0.5045238095238095
0.4261904761904762
0.4396428571428571
0.4323809523809524
0.3242857142857142
0.3914285714285714
0.4397619047619047
0.4121428571428572
0.5004761904761905
0.5267857142857142
0.5057142857142858
0.4316666666666666
0.4980952380952381
0.4785714285714285
0.3035714285714285
0.4901190476190477
0.588452380952381
0.4372619047619047
0.5676190476190476
0.3854761904761905
0.4719047619047618
0.0
0.0
0.0
0.0
0.0
0.0
0.0
0.0
0.4600000000000001
0.5333333333333334
0.51
0.55
0.47
0.49
0.5033333333333334
0.4166666666666667
0.4866666666666666
0.5333333333333333
0.3733333333333333
0.5066666666666666
0.3933333333333333
0.4566666666666666
0.4833333333333334
0.4333333333333333
0.4866666666666666
0.4766666666666667
0.43
0.5666666666666667
0.41
0.4566666666666666
0.5
0.4166666666666667
0.4666666666666667
0.57
0.4933333333333333
0.5333333333333333
0.5266666666666666
0.41
0.4466666666666666
0.5433333333333332
0.4333333333333334
0.5466666666666666
0.4466666666666666
0.5566666666666665
0.51
0.4333333333333334
0.4466666666666666
0.51
0.4133333333333334
0.5199999999999999
0.4
0.4966666666666667
0.5266666666666666
0.4866666666666667
0.5
0.4899999999999999
COLUMNA -> LIFEX
0.3504551275834774
0.3458060669505
0.3404352809258342
0.3261837954904601
0.4397076188306432
0.4274135540172912
0.2402377785852688
0.3740111912805163
0.3346079181041134
0.3930083781462932
0.3893463426284195
0.390582488671079
0.3989781909949352
0.3939204839816063
0.2038667986634549
0.3585717231252503
0.3015553465360588
0.3606021750183182
0.3300822506312542
0.3886796073471237
0.3324674853853459
0.3876621556627598
0.23165876625069
0.3931058949345444
0.2902503586518852
0.3644176746813584
0.3585482635819749
0.3803740292441974
0.3656891590856419
0.3636135255201329
0.2968286421771938
0.355289302542228
0.3152975894715124
0.3747513684339069
0.4015777779068701
0.4186678154482027
0.3745124141080023
0.3917267923088535
0.2774359326077291
0.3713207311279046
0.3468389115252105
0.3618728760761149
0.3848355233044348
0.3558951936886809
0.3655889146194676
0.3717165176404741
0.2505779861282451
0.3934596892711112
0.3017845692814752
0.3988510113021753
0.3492586826257381
0.3807979812216261
0.3523868795729609
0.382123979600072
0.2348465317336711
0.3822402813725616
0.3254206271080283
0.3226879895043271
0.3216970567558602
0.3625294166571031
0.3893317862101041
0.3714031060152222
0.2691878082579368
0.3569757758908283
0.3483807260437236
0.3165544167744009
0.3722870347840144
0.3481892258869131
0.3664761219333295
0.3754130159564178
0.2618323208573717
0.3754033390052659
0.3532745692187961
0.362030419654819
0.3422680659855544
0.3033486424172444
0.3483371791600848
0.3525424255618134
0.2713445909629398
0.3723768371388309
0.5770782958979223
0.5798874558421689
0.6260593921872794
0.5741531574851504
0.6353486101715917
0.6048047386730226
0.5288522069432428
0.6063651365708703
0.6150348746379998
0.5798833674621112
0.6483439060859404
0.5411645949349817
0.6162701301218083
0.6159051039177335
0.4725773551084538
0.6097089582881591
0.6260843085020762
0.5900807118171694
0.637835905441381
0.5824249525446579
0.6222454813971835
0.625760597581676
0.5991060461327674
0.6155922803090994
0.625842447034903
0.5443312231061884
0.5802295733333247
0.5576821464901807
0.532298398940789
0.6162387321245653
0.5751587372488488
0.6077495222262493
0.5809493279081774
0.5273913249170676
0.6198544719503802
0.5781306598434888
0.5474636882058757
0.585472664367208
0.4624014940638089
0.5952444296191837
0.5855366397333654
0.5817820110099093
0.6286041441652228
0.5660445777429739
0.5644775007407021
0.6213389002265347
0.4777601981872624
0.5906334146905245
0.6035269783847623
0.5659286640041736
0.614039329074699
0.5381802725288326
0.5992791228770976
0.5833330889914154
0.5530548505021933
0.5953677462342137
0.5780000571422506
0.5366276267093382
0.6016052582164084
0.5799907547797334
0.5661461579969242
0.5918861081643672
0.5510953208137982
0.5773392429461378
0.5754445947855612
0.5795323432538473
0.609725360154966
0.562519697165356
0.596200036289224
0.5681400946314488
0.5324450588138224
0.5941170053966531
0.573758348662224
0.5436162018731292
0.6047168774864456
0.5181655304608441
0.5813754019817168
0.5965562181407943
0.5495979875506711
0.5896603276102159
0.6081093990368409
0.5574672006563013
0.6082941059456873
0.5479828394283254
0.61234802695837
0.569005629477565
0.4689426902494459
0.6021039192008684
0.5774669628573289
0.6098026817215321
0.6312221628797507
0.5916315578904365
0.6713680190375242
0.5709981404669233
0.5567146084547825
0.6079196531354706
0.6099874635809059
0.5523609012871947
0.586128282124619
0.5774494229842678
0.6014053286686089
0.5858787433609883
0.4801999391793479
0.6051732916314023
0.6086600898590245
0.5362025490065779
0.5654329191660645
0.5596175833637622
0.5738097282239247
0.5667672403177748
0.5890158551709075
0.5847491767556343
0.5934875304052653
0.5839124504096622
0.5739014638216131
0.6233508695006015
0.612658406299564
0.6264303250000139
0.5495055156778147
0.5676893119625644
0.5861917460069227
0.586528314032714
0.5993699316535147
0.5902525181196177
0.5927017045421948
0.5800281499783597
0.5662562670383082
0.5772098730667052
0.5885376692061847
0.6000598175234639
0.6044059613654148
0.5807139898048218
0.6364393609921978
0.6145813390880173
0.5680297232076578
0.5944109596379382
0.6218872327219522
0.5748099293320797
0.6151603399559296
0.5624140859495668
0.5789490826844306
0.5760545606378309
0.427178925903312
0.5791634714409039
0.5804943260803774
0.5882196482469182
0.5689626406600687
0.5319827438683205
0.5783407503606349
0.5795089269942834
0.4446289779783516
0.5781673994208429
0.565979788629459
0.6007031540941523
0.6044830997896342
0.5656611229791145
0.5857566997535119
0.5946540289752007
0.4413721344984728
0.6089139263172848
0.6374710153967119
0.6438759417397188
0.6385528205884243
0.5754341736694678
0.60032444894287
0.6154000497266752
0.5170424038521866
0.677736205143326
0.6898238904198657
0.5209451418894143
0.6462501748337661
0.5622509327617686
0.6226276045935488
0.5798756412146505
0.6005462807652705
0.6872588617093262
0.7140373700087321
0.5742498729340835
0.656291626330326
0.6216670635865682
0.6013082479955545
0.6428804855275443
0.6423290862380916
0.6951209566147647
0.6679953560371517
0.6154131652661065
0.6503644979031976
0.6422809758181275
0.660375816993464
0.6162849757741399
0.6468116678642994
0.6839923732957789
0.6959778074522657
0.569613572701808
0.5751027077497666
0.5646855801577164
0.5732328412901169
0.5894478844169246
0.5445491404730536
0.6513566533225976
0.6364450247035386
0.523597669959899
0.6237578391680559
0.5629074090683999
0.6029646939747558
0.5815089335329273
0.5080607707509881
0.6520565811897081
0.63238560845759
0.5643534080298787
0.5919749033216525
0.5405383428061447
0.5643865461164224
0.5677544226499335
0.5344981388431045
0.6333494085893466
0.6463922816089999
0.5854689514132239
0.6244878032184534
0.6130763276970708
0.6308159083778279
0.6095879404393336
0.6163111235170059
0.5989246305809773
0.6206333140543667
0.627244997864193
0.5959213266953205
0.5636240771612289
0.571950695932894
0.5897104894589414
0.6155865797429265
0.6211714429361488
0.6366399501771018
0.6015277163496977
0.6016185637547867
0.5615970970034437
0.5817345210688865
0.6382119514472455
0.6199169618987226
0.6380301595549274
0.6133264052768698
0.571209670102859
0.6428846059341415
0.5953382230085016
0.6323307613439192
0.594331681390505
0.5267482230046168
0.6527647339760343
0.6305791241781954
0.5841707209199469
0.6201997718483787
0.559563369207332
0.6355086434033802
0.5780387242616345
0.6330255116400628
0.6687717691665059
0.6230468563943795
0.6084330925352598
0.660754172727857
0.5846134945206153
0.6495080839353286
0.6495820433436532
0.6422537395525011
0.6507402710808283
0.64539586617373
0.5662418300653596
0.66641842161966
0.5755040173964323
0.6331576954177575
0.5964904909332154
0.6090951732156806
0.6579731943771517
0.6305059216669123
0.5466567153177061
0.6568420047444816
0.5456720691028807
0.5604775990263606
0.5588538748832866
0.6223263256725028
0.6598874886723184
0.6637592992662652
0.580517470145953
0.624287458327706
0.5077982668346446
0.5301530428411569
0.5910990712074303
0.6347487201555717
0.6541969141969142
0.6360564023180123
0.557326276664512
0.6347748901425372
0.5606210713950651
0.5699156828723393
0.5692328582150564
0.6251590305194423
0.6482308347826924
0.62437417072092
0.6060164740660097
0.6264691574410245
0.5704726276475502
0.672779436335938
0.623267421003489
0.6139392578600413
0.6317023271705934
0.6236645535407146
0.5924047505417811
0.6182591282126886
0.6085341808174627
0.6429890903729913
0.5954944848752899
0.6147036477454434
0.6346236116824352
0.6173341441839895
0.5470257528848861
0.6205390266767975
0.5888228257810302
0.631656961030026
0.6268561753004478
0.5919204978028507
0.650111931412241
0.4269047619047619
0.4469047619047619
0.3294047619047618
0.3461904761904762
0.3260714285714285
0.4916666666666666
0.3002380952380952
0.4404761904761905
0.3764285714285714
0.4252380952380952
0.2961904761904762
0.3704761904761905
0.3885714285714286
0.3135714285714285
0.4098809523809523
0.3860714285714285
0.3373809523809524
0.4477380952380952
0.2992857142857142
0.3819047619047619
0.3651190476190476
0.3428571428571428
0.4058333333333332
0.2257142857142857
0.35
0.4261904761904762
0.2683333333333333
0.2671428571428571
0.2895238095238094
0.2283333333333333
0.3752380952380952
0.3314285714285714
0.3326190476190476
0.4073809523809524
0.2838095238095238
0.4438095238095238
0.3176190476190476
0.4611904761904761
0.3030952380952381
0.285
0.4158333333333333
0.4753571428571428
0.2404761904761905
0.4169047619047618
0.3263095238095238
0.4011904761904762
0.2669047619047619
0.265952380952381
0.3573809523809523
0.4236904761904762
0.3423809523809523
0.3916666666666667
0.4158333333333333
0.3661904761904762
0.3173809523809524
0.3104761904761905
0.4509523809523809
0.5824999999999999
0.3752380952380952
0.4729761904761905
0.4564285714285715
0.4311904761904762
0.3053571428571429
0.3345238095238095
0.4451190476190476
0.4269047619047619
0.3028571428571428
0.2928571428571428
0.4027380952380953
0.461547619047619
0.3101190476190475
0.4184523809523809
0.5028571428571429
0.3911904761904762
0.2914285714285715
0.3535714285714285
0.3827380952380952
0.4416666666666667
0.2934523809523809
0.3294047619047619
